0.378415681054
-2.92887252146
-2.90371812179
-2.82796810932
-0.267992147237
-0.678073761243
-0.391703819004
-0.695464977967
-1.14182824226
-1.09566905175
-1.34022769492
-1.3808003839
-1.03676925654
-1.20367206494
-3.73394045645
-1.42439320504
-1.77904356069
-1.40365428966
-1.50671611912
-1.56995749999
-1.66073467408
-2.17309091165
-1.98507263823
-1.08958041271
-2.11137011584
-2.56291221274
-0.370720779216
-0.09432353881
0.0750480605255
-0.22579148231
0.0235233100811
0.292326164843
0.0417255819573
0.216385898355
-0.0238349769957
0.0098291667267
0.0879964351327
0.301094170563
0.507556460952
-0.0390982549442
0.00478652761931
0.109584713768
0.196195366061
0.262096764336
-1.88494962459
-2.91453208646
0.533429014662
0.0436729031679
-2.29892455652
-1.4761880625
-1.24173084965
0.234595610551
-0.72960679564
2.0236371876
-1.0932553934
-0.952306433604
-1.44916393825
-2.02301690502
-2.86662418127
-3.36815831918
-2.10136517612
-3.32392551183
-2.70773602139
-3.05223135536
-2.80790531331
-2.48505408222
-2.73420428459
-2.62995068189
-2.55755424453
-2.1968502188
-2.03351865278
-2.3615515949
-2.52813832733
-2.16772133375
-2.30511512565
-2.51876614642
-2.60345515613
-2.28107468566
-2.13935464563
-2.96322595153
-2.83957536687
-4.17050134041
-4.77234755294
-2.21245155625
-2.941273221
-5.31154298078
-6.55721628761
-5.94822588437
-5.95798669404
-4.92806631017
-6.58810903503
-4.26137559314
-6.74952529409
-7.76600948868
-6.92860742205
-7.59759319625
-5.68807135722
-8.71832740909
-6.04006182755
-7.55469822792
-6.09919849161
-6.68427192045
-5.33744710414
-6.35703550948
-6.74508631043
-6.74610641832
-6.53375787053
-6.12380475952
-6.17280714808
-6.25865077836
-6.14040565516
-6.288336327
-5.88457653608
-6.06648401723
-5.82778615455
-6.0837586298
-5.84107038021
-5.85922352392
-5.70100219918
-5.95009385115
-5.67469908106
-5.63768837522
-5.90462344051
-5.77957093609
-5.63989130362
-5.97304355017
-5.80348615773
-5.71514344966
-5.62443037618
-5.52080230227
-5.48044891709
-5.38869103981
-5.76813094767
-5.69920875022
-5.63447700663
-5.60084918458
-5.53064857124
-5.48939905189
-5.42254452948
-5.39996449476
-5.3729812291
-5.35486581114
-5.28687627348
-5.26682109014
-5.23534501797
-5.22131758271
-5.20075749602
-5.18692894617
-5.60674979682
-5.58033444895
-5.55395916463
-5.55101039978
-5.53185575321
-5.5122734966
-5.52194626873
-5.46653904596
-5.45945639727
-5.44542393097
-5.41314395425
-5.41138560349
-5.35194608556
-5.34126881183
-5.35313173618
-5.28721497975
-5.27540382447
-5.25715540423
-5.28954269042
-5.15509339216
-5.18074967388
-5.17590984982
-5.15198084511
-5.14550730425
-5.14863970465
-5.13588438189
-5.13558490119
-5.13101738867
-5.08786007735
-5.06828455046
-5.05078046023
-4.97465804586
-4.98678618555
-4.99038644493
-4.9562451198
-4.94058966689
-4.92725898907
-4.91375609979
-4.91313567168
-4.90301073885
-4.89512957041
-4.87631395504
-4.86992770711
-4.87133979757
-4.84579686394
-4.85251573901
-4.83635541319
-4.83209525979
-4.83455757734
-4.82505720911
-4.8114334347
-4.81163837461
-4.79878089085
-4.78392389072
-4.79024300409
-4.78337156208
-4.77290830738
-4.77105888179
-4.76125529815
-4.75997117176
-4.74359686768
-4.73939505133
-4.72923378943
-4.72644148606
-4.71274494434
-4.70068689773
-4.69317121213
-4.68867038604
-4.68379131655
-4.67440297829
-4.66909360961
-4.65636078439
-4.65125788521
-4.64081494608
-4.64622440429
-4.63109397537
-4.62548609275
-4.62844290329
-4.62130678673
-4.61914313038
-4.61519663841
-4.60750954238
-4.6052022312
-4.59912899356
-4.59325343386
-4.58882956791
-4.58105781903
-4.57793024117
-4.57040694725
-4.574268738
-4.56709303488
-4.55639953044
-4.55141375212
-4.5384937797
-4.54608738425
-4.5414794193
-4.54300498423
-4.53225481586
-4.52968436155
-4.51957074964
-4.52456265201
-4.51596184963
-4.49977964861
-4.51329552099
-4.50481799519
-4.49640480766
-4.4900882601
-4.48159296244
-4.47198231095
-4.4761182549
-4.47587883161
-4.47692337906
-4.4657146359
-4.46654202378
-4.46862626483
-4.45623050893
-4.44891779405
-4.45475812999
-4.45190129956
-4.44645581323
-4.44264459256
-4.43370899549
-4.44158563698
-4.42405316576
-4.42480593739
-4.40495586243
-4.41118612205
-4.40814513086
-4.41135358551
-4.4030463416
-4.39791762829
-4.39768829971
-4.39559364217
-4.39163300723
-4.38382120289
-4.38452965358
-4.38326598194
-4.38130295608
-4.37286363903
-4.36421863465
-4.36388202263
-4.36175572537
-4.3575305007
-4.34992064256
-4.35478988695
-4.33243109914
-4.34624838615
-4.35110174809
-4.35189907636
-4.33392244105
-4.34363057589
-4.34503879664
-4.33419596316
-4.33566323789
-4.34274729485
-4.33297552251
-4.3340475789
-4.33526173339
-4.32381925475
-4.32399624949
-4.31235200071
-4.31657102795
-4.31737088829
-4.31037697862
-4.31156978709
-4.31209533647
-4.30300156599
-4.30220045573
-4.29716360774
-4.28964488593
-4.29377746644
-4.29149922599
-4.28603491035
-4.29055216074
-4.28479207457
-4.28622374132
-4.2821323697
-4.28455199174
-4.27627283617
-4.26883212518
-4.27622981807
-4.28621192023
-4.27657861997
-4.24222311079
-4.2340919123
-4.23693154433
-4.22292621529
-4.23136414968
-4.22812975289
-4.22033343947
-4.22094467848
-4.24126038037
-4.23939884784
-4.23570001561
-4.2349813607
-4.24411484358
-4.23092554881
-4.22962958041
-4.22549764691
-4.22807641667
-4.21892865331
-4.21980158826
-4.21594142336
-4.21061257095
-4.2095765326
-4.20643694475
-4.20548940072
-3.85238738829
-3.80689731899
-3.58903291968
-3.66014804803
-3.55068697739
-3.46037629938
-3.20979886801
-3.50385010241
-3.54808249396
-3.40034625997
-2.81749452289
-6.17116744855
-3.34971806432
-3.31774710341
-3.90081220033
-1.54284869394
-1.26249967794
-1.00942179056
-1.6888432789
-1.24729469241
1.99763129933
-0.567351170708
-0.849005657486
-1.30008796572
-1.2808360294
-1.26250706009
-1.09438370832
-1.05817512092
-1.01807827043
-1.00873671488
1.49690377349
-1.34032717913
-1.4344655611
-1.44329844338
-1.43499617056
-1.43330342713
-1.34866463693
-1.30407091486
-1.30969234298
-1.30131370626
-1.30441725764
-1.29984641452
-1.29934550694
-1.31080600292
-1.30010160035
-1.26104051776
-0.436967810493
-2.20396665901
-3.00279581107
-0.861026102424
0.12184793503
-1.90793847449
-0.191901808884
-3.22952871294
-3.41115967925
0.54074450327
-4.1512700574
-1.69896290985
-2.88705412785
0.432716436275
-1.19041856865
-1.44753593255
-1.27858909346
-1.99222733192
-2.88703564188
-1.42063672585
-3.19250149661
-2.98282027003
-0.695648823338
-2.04290161573
-4.36146957025
-1.7666580065
-2.0673438826
0.00262502300466
-1.94373485094
-2.04414301446
-1.97024738164
-2.67034198328
-2.1921507102
-1.933896603
-1.11805943662
-1.81145475573
-2.02558031945
-1.7308507328
-1.54017840548
-1.78982519669
-2.30718186258
-2.02307875194
-1.96983334735
-1.85015296092
-1.75229409954
-1.67240533734
-1.64569694354
-1.90350274222
-1.86053957562
0.155387981342
-4.132657317
-2.26803487934
-1.1265412191
-1.02507510529
-1.94433143758
-1.13056399064
-0.475844353244
-3.76882469144
0.252652315652
-1.25048643551
-2.32338332603
-1.12698508356
-2.92055003168
-1.44203217838
-1.16154865745
-2.23802316917
-2.29933653712
1.42386427152
-2.33427964706
-2.44789350707
-0.153078505998
-0.345249349602
-0.898270838118
0.436870619127
-2.92611946008
-3.55144070752
-1.43946908648
-1.58171724264
-0.744948927965
-1.32587032633
-1.11811731244
-0.87514587872
-0.691767473468
-0.787295101321
-1.78133954288
-0.981261847133
-0.579794284419
-0.857947453024
-0.802421114185
-0.698634097421
2.1628702303
-0.683410086282
-0.633553450778
-0.456847813232
0.192377189595
-0.73706371404
-0.679909028128
-0.506815795531
-0.483736718787
-0.374461456046
-0.511067906635
-0.716119449609
0.415889591517
-3.75432678318
0.591352822933
-2.44372344385
-2.47362128667
-2.39312263829
-1.53124905654
-1.70240077919
-2.46726373042
-0.970281978562
-0.411083298544
-2.32576709238
-0.962184036636
-1.49188955675
-1.40160608821
1.2348529531
2.67788922555
-1.44837071373
-1.13166595706
-1.48241058212
0.832863941667
1.141039948
0.824714257177
0.816582086963
1.02525582643
-3.2029638416
-1.00757441459
-0.766961346655
-0.136110931261
-3.21040019579
-0.234092959863
0.0180148044824
-0.290977126304
0.0216330894635
2.57641080021
-0.388106485133
-0.251418999322
0.0141234304823
0.160877157222
0.244627346782
-0.0412302997387
0.166276528078
0.205171558786
-2.97796715451
-0.303447687971
0.483317600329
0.225727770895
-2.3002538488
1.57154011448
-1.60632679513
1.16006636472
-0.874066469743
-0.111648927225
1.39637036693
-0.263022298808
0.512923306563
-0.833957483813
2.64225079459
-0.934058148599
-0.169148270431
-0.742849210512
0.0925459275444
2.05501429783
1.13692723185
1.49352084392
-2.63436807591
3.88772700599
0.69469188023
0.722327659551
0.918550547938
1.06978370349
0.82074013817
1.02274847115
0.710855941797
0.773975376334
0.882109962831
1.07612888479
0.673574566746
0.866381997304
0.940578231711
0.993056794214
1.01302886513
1.15893652943
1.30667034774
0.865812186893
0.917141484309
1.06669553002
1.67440664999
0.0521157552538
1.47343956681
1.18789594429
1.68891781289
-0.790164289227
-2.44864201146
2.27375772604
-0.854739692512
-2.0961769755
1.25052641286
-1.7522752536
-0.462157921058
1.23129781918
1.06939205634
1.35175447241
1.91499049329
0.792431204079
-0.828839938326
0.768136371383
-2.45885295597
0.426565967829
0.838098527092
-0.0490193114286
-0.602092748185
-0.503395271071
-0.914492063314
-0.665007605674
-3.48246375152
-0.886494602795
-0.698134861741
-0.566461038051
-0.382986757585
-0.638212100345
-0.502736678338
-1.00601930679
-0.99134068087
-0.848956157745
-0.829281435114
-0.801497499721
-0.675806708792
-0.619929654512
-0.502784440098
-0.466302222192
-0.349562625974
-0.348367780008
-0.841543683848
-0.848981402888
-0.74283310309
-0.644566662512
-0.641365091583
-0.640595555585
-0.647491945606
-0.650212416903
-0.449421772316
-0.555388500953
-0.575091110553
-0.478259821524
-0.491147091711
-0.499097917765
-0.511764450552
-0.421659758897
-0.420143268169
-0.426376301893
-0.442565989007
-0.449162855203
-0.452481341158
-0.463003390133
-0.364388999969
-0.367458285011
-0.374986959968
-0.388134004177
-0.412406140404
-0.408252271114
-0.417391178198
-0.425064464106
-0.435248678241
-0.355413440708
-0.337183021555
-0.345638896064
-0.366960121287
-0.380089226246
-0.377167606678
-0.381462362219
-0.388073612819
-0.302848607476
-0.301121339229
-0.310793788952
-0.314208483971
-0.316324337027
-0.325513908021
-0.362495159487
-0.371849830111
-0.37998241976
-0.378565163103
-0.384473580077
-0.405731392736
-0.309881457647
-0.309352807179
-0.307805763689
-0.315047907773
-0.326031528612
-0.334718092976
-0.333641828825
-0.3423222587
-0.344083448258
-0.342567031
-0.355446510757
-0.357396909544
-0.417235945988
-0.410237176757
-0.322945909812
-0.316186663321
-0.324476460151
-0.89212624677
0.239297361174
-0.100494359542
-0.894718815664
-0.288207034371
0.307836387486
0.342132084803
-0.648600822778
-0.768212763464
-0.0866829135122
-0.170098783274
-0.176275084815
-0.171154579111
-0.169127782111
-0.199389596512
-0.211649002744
-0.206252243132
-0.206696598367
-0.210858542562
-0.218674070001
-0.221710500752
-0.22282431567
-0.226575683492
-0.251428106791
-0.254083674761
-0.257201326904
-0.256690825238
-0.257502722851
-0.259954332508
-0.263948869195
-0.274072114309
-0.27756298135
-0.310058697625
-0.314424426315
-0.311441302341
-0.322143117237
-0.325463265834
-0.318125471107
-0.339199031412
-0.333621266321
-0.33627050759
-0.344337707761
-0.343734804656
-0.355975980122
-0.39629217426
-0.400577616416
-0.405113420769
-0.409754886263
-0.421234735715
-0.427245043543
-0.43606576563
-0.436388760318
-0.438800281723
-0.450596490432
-0.45878017709
-0.579342378861
-0.489072207884
-0.504186539292
-0.505366372605
-0.510828896566
-0.514533146748
-0.526296412946
-0.532125704419
-0.53617083424
-0.339469812179
-0.445194068946
-0.452159721858
-0.45383167629
-0.465509529367
-0.459581151827
-0.473347371771
-0.478614437787
-0.482963671416
-0.482306925385
-0.48721392235
-0.523455827648
-0.52822302038
-0.535078466491
-0.547749244942
-0.551198318781
-0.55420954416
-0.568781956283
-0.581561892407
-0.579318124551
-0.588131564972
-0.602767484219
-0.604312342682
-0.801774919727
-0.733407560315
-0.743779242889
-0.763181322853
-0.763057684831
-0.775011828659
-1.30375433754
-0.303588644541
-0.266907465461
-0.270832640665
-0.272490668148
-0.271734037799
-0.276131408882
-0.276380512069
-0.278268681228
-0.282127159094
-0.287925061788
-0.279356786638
-0.286034814443
-0.283693837553
-0.285646008616
-0.315042726828
-0.325241033116
-0.328939523234
-0.322735653793
-0.32308540071
-0.321823109663
-0.326515136091
-0.233215242509
-0.117534040533
-0.257135941351
-0.0863229804169
-0.0996070134501
-0.0807932003929
-0.536519663982
-0.950164890766
-0.885126918861
-1.07064864192
-1.73535622575
-1.64756643123
-1.11942738054
-1.0463414103
-1.30490460746
-0.991249272118
-1.18612635924
-0.257441637351
-0.800690875939
-0.27791832288
-3.56683767534
-0.802387752665
-3.6516018863
-1.54825122346
-0.201005550554
-0.509363079138
-1.07211153555
-2.85006103944
-0.857838374046
-0.598766601579
-0.444420731155
-0.908164377337
-0.470952365656
-0.0326583127128
-0.582663033358
-0.471547456142
-3.77259485619
-0.695046115201
-0.322058872806
0.0722745874929
-1.26032969879
0.333370217515
0.136563949146
0.316579686696
0.232879857036
-0.233217863778
-0.0299887141957
-0.00126491497415
-3.88141667909
-0.0599182883491
-0.551909565821
-0.922944730994
-0.426942035854
-0.703769325538
-0.327941109122
-0.564504299527
-3.07178612048
-2.71411448741
-0.0525159882162
-1.29799309376
-0.337302479976
-0.484240992844
-0.586823242066
-0.951944078217
-1.25515458819
-0.0414316105025
-0.0199966683386
-0.485710360316
-0.662163740688
-3.08685756245
0.122650418309
-0.449495837072
-0.679196985999
-0.241947334471
-0.500419780072
-0.657763570656
-1.64857665422
-0.318627226483
-0.92595731145
-1.10639206402
-0.130533944406
-0.204722748152
-0.32151496126
-0.652809648535
2.59587271581
-0.380933045097
-0.393474460081
-0.0888303200974
-0.196561262427
-0.0918853584821
-0.111755740664
-0.113004425007
-0.0126666903124
0.00800247635283
0.0167666860103
0.119259882311
0.158512823298
0.137617619823
0.282861964261
0.216658399681
0.289425759133
0.293158927653
0.399040022423
0.337134162494
0.394611757837
0.377588526789
0.387541928868
0.475395245345
0.439511695116
0.412547200538
-1.71382855718
-1.11920596051
-0.892747741924
-0.110144391411
0.187170211292
1.17088592731
-0.487685474552
0.238825727266
-1.73948607178
-0.405767014077
-0.775753634494
-1.2989200305
-0.807434903636
-1.13226109783
0.169958816348
0.314046618647
-1.43334162597
0.241136395429
-3.25607610385
-0.88904383587
-0.352367916342
-0.694088054111
-0.557832530575
-0.879575016627
-0.750519202353
-0.626969793483
-0.584031130481
-0.555902280397
-0.50242596227
-0.385854320678
-0.336768826076
-0.260327064011
-0.227348756251
-0.753739349583
-0.777732878329
-0.760582204276
-0.732058012989
0.0720322453394
-1.18342511847
-0.339277731519
-0.753207929537
-0.00373666160889
-0.684377221159
-0.0647378860838
-1.23398692521
-0.926604111704
-0.919408513395
-1.29084263871
-1.36018239286
-0.746469577588
-0.562993876658
-0.545179677726
-0.879921931503
-0.979603912451
-0.883106971885
-0.982806637463
-1.00153311261
-0.790815109698
-3.6307972014
-1.07726544241
-0.905780184688
-0.909733929732
-0.911023408425
-0.918549014285
-0.916146401491
-0.927328345653
-0.936875351601
-0.856399461732
-0.860182648952
-0.862828944642
-0.840764689151
-0.754966407914
-0.753643357429
-0.742480515073
-1.00317478884
-1.12698615077
-1.822371128
-2.72262235588
-2.22846958437
-1.17998080698
-2.42226321251
-2.34486501914
-2.11423178251
-1.09004965834
-1.37140013134
-2.37181712992
-1.45680618334
-2.30875293035
-2.25849254476
-2.60872298543
0.301117002828
-1.50235005366
-0.777070082657
-1.93227833392
-1.20243365836
-1.59963885698
-1.72897818181
-1.97297920984
-2.10828836978
-2.09560557899
-2.1323441544
-2.15825862626
-2.17519758048
-2.21921657381
-1.09559954102
-1.64204524604
-1.68685222418
-1.68079471715
-1.70527452367
-1.72390619041
-1.7451826248
-1.76283343464
-1.77697853528
-1.90955042118
-2.24437481211
-3.66354875036
-2.42655203598
-2.42940166607
-2.56088972091
-2.53919991106
-2.40262232877
-1.95553642906
-2.0788095134
-2.11623977195
-2.87986277045
-2.7307549196
-2.62423784623
-2.61299894728
-2.70782007693
-1.40864742639
-2.64605126196
0.983483916377
-2.28671123036
-2.46390615193
-2.40874170134
-1.91532429861
-2.15539050205
-2.51342530871
0.653285458567
-1.96748274876
-2.11958614174
-2.08103479225
-2.12998244001
-2.15725380292
-2.18158906638
-2.21484487684
-2.23764970132
-2.26727484204
-2.3168979204
-2.35308119895
-2.38319806912
-2.41908708585
-2.38346852701
-2.39754001016
-2.41581227002
-2.43061213226
-2.45401761064
-2.48868043541
-2.50633036183
-2.12171071043
-3.43519310917
-2.44759688619
-3.09697101181
-2.58789217139
-3.55011365803
-2.11364212575
-2.94140630701
-2.72114236115
-2.07420424365
-2.41174353799
-3.10716955577
-3.23507304145
-2.43983005575
-1.97309067253
-3.53029846118
-2.84252894688
-3.19160455489
0.356459638846
-1.91609395859
-2.37049800555
-2.12634986346
-2.31503617836
-3.30794512332
-1.96111576412
-2.28798216947
-2.3556276794
-2.42000176074
-2.47296466483
-2.51630691817
-2.47653517253
-2.50136862011
-2.55735986953
-2.0984200436
-2.0990076811
-2.11667213786
-2.12975812552
-2.15946306483
-2.1813859036
-2.81297690256
-3.26716909637
-2.05402399267
-3.1452506942
-1.31111923317
-3.78399504051
-4.2512572442
-2.80064936795
-3.40368615977
-4.12018691716
-2.96650615967
0.108387454665
-2.9837128811
-3.55228201591
-3.29506715864
-2.87183861466
-2.85924444701
-2.39539654719
-2.62226392902
-2.88730459292
-2.8499721438
-2.69196307917
-2.61866953315
-2.70117667015
-2.81249333881
-2.48983843836
-2.92872032843
-2.83536278844
-2.73180246506
-2.10459834661
-3.00816827425
-3.63802134356
-2.25216592574
-2.49229880884
-2.6425176417
-2.39963409776
-1.7048147476
-3.2236576928
-2.46541600936
-2.46770895536
-2.35998023854
-3.21861047866
-3.06167556546
-3.42931545453
-2.45248797777
-2.13781839001
-3.4050716707
-6.60920991854
-3.65145684536
-2.60302278403
-3.60852233891
-3.75058444932
-0.747947496041
-6.76016318076
-0.0461087824219
-3.48451752785
-2.89390163534
-3.13114756744
-1.74184227979
0.402830474832
-2.65837242286
-2.51259642579
-2.59379477033
-2.95733970463
-2.96937400594
-3.01975511896
-3.06934608264
-2.63493212123
-2.6568802644
-2.69527838735
-2.76991779427
-2.82798347717
-2.87511064293
-2.9008983051
-2.93513271444
-2.97447638605
-3.01450135355
-2.97461890814
-2.99502231703
-2.96688327625
-3.12294705347
-0.22628552181
-6.87706133839
-4.50077545574
-3.02113206419
-3.7710836467
0.0758089286864
-2.92750172676
-3.27310094599
-3.9491857322
-3.70298024822
-0.451335160165
0.374949628739
-2.67818886503
-2.50302802146
-3.50952356275
-0.114563538769
-3.04428235695
-2.85035555235
-2.61949112829
-2.37021308151
-2.41484489517
-2.85625137242
-2.95561480017
-2.55020510651
-2.58825464508
-2.66124593812
-2.70726956748
-2.67283034297
-2.70158339515
-2.73522218938
-2.7896573148
-2.82743523457
-2.87139718925
-2.87792690523
-2.90469267812
-2.92752997905
0.309022038338
-1.6705917215
-3.07554759457
-2.32492737991
-4.35530547727
-3.88265823857
-0.75805917155
-3.46237502078
-3.67108773022
-3.94111306203
-3.08803456549
-0.938196180173
-6.55769045783
-7.55826281514
-7.50580224204
-4.15182800877
-2.8630957754
-0.380578394676
-0.866291370403
-3.62830811958
-3.69039116435
-3.19662043914
-2.45857928663
-2.56214964991
-2.18331234832
-3.08302827726
-2.97222328058
-3.18738216392
-3.05164504696
0.825728563753
-2.89156105099
-3.26198259201
-6.0708661892
-2.39467298845
-2.13779369221
-5.55236233498
-5.73948942025
-3.05776894771
-2.20529877781
-1.74036377609
-2.19812141049
-2.21280390933
-2.22922727867
-3.23444058293
-6.92751593694
-0.833464675198
-1.34289382662
-3.93572676053
-3.85773726428
-4.7597174148
-3.93377520857
-5.29106622037
-3.79208510368
-4.94695307755
-3.53071776221
-3.17931424847
-3.03759190439
-2.72035993333
-2.9452088069
-3.4755638779
-3.10509632325
-3.51118851141
-3.42685577508
-3.1985550193
-2.58417529729
-2.56316563065
-2.79570686122
-2.71929187347
-2.77307433058
-2.8191170514
-2.8787571713
-2.91558404036
-2.91113596931
-2.93850707915
-2.97991930127
-3.00616311278
-3.01946742851
-3.03666718784
-3.06532597737
-3.08329241229
-3.11955164885
-3.13753406813
-3.37126646946
-4.0041988829
-2.81502677598
-3.18929824195
-3.68043655289
-4.34677124228
-4.31427940045
-4.3130781335
-3.92740553399
-0.817653634669
-3.7074059322
-3.53040548958
-3.24971774656
-1.34134661733
-4.17143176998
-3.40595442375
-4.2715494347
-3.2028871014
-3.75250770912
-2.52470434214
-3.09257920667
-0.0130379045864
0.0731235230751
-2.52164765062
-2.60028097236
-2.66276390394
-2.70681584194
-2.75845254622
-2.79863730029
-2.83186325688
-2.87593322001
-2.90363835976
-2.9429134568
-2.91706197313
-2.94921967288
-2.98127265704
-2.98386427284
-3.01535832711
-3.03845382369
-3.04990835714
-3.0673988089
-2.58630867432
-2.57775525167
-3.36670801543
-0.733063330414
-4.0471586299
-3.93432832119
-4.08026342292
-3.30442911689
-3.08117128639
-4.12864098821
-4.93352366015
-4.3176566626
-4.16443039407
-3.25511221953
-1.71892391726
-4.12966833259
-0.548978095934
-4.28541421573
-3.82565602837
-3.9614615638
-2.82543983719
-6.11196994622
-3.59988596001
-2.77689772422
-3.61797499925
-3.66933553375
-3.70006146659
-3.81225187128
-3.88904652875
-3.45804220615
-3.51227003743
-3.56712551812
-3.60852359203
-3.55427113258
-3.62394426466
-3.63761808602
-3.67487974467
-3.70887893361
-3.72756503484
-3.75135730333
-3.28958254939
-3.13181297057
-3.13468048854
-3.92308855522
-2.89520917542
-3.42586270884
-3.45161537243
-3.5743125501
-4.67340466526
-4.32778334696
-5.33870198237
-5.92394944695
-5.79636721143
-5.9454253574
-6.49698021819
-6.24004411657
-5.02564416638
-6.63849853572
-7.0024739888
-7.13990234801
-3.37696003975
-6.66476384209
-6.52115535126
-6.50341485934
-6.18983403499
-5.7840819287
-6.27673609994
-6.37885235781
-6.45403211958
-6.03070331761
-6.03722724307
-6.13264308353
-6.18920377433
-6.25482289113
-6.30091439612
-5.80780396271
-5.84927464208
-5.88592724219
-5.91189250966
-5.97215839775
-6.00254495198
-6.39888773106
-6.47053263978
-6.26095937069
-7.521454751
-7.59712211046
-6.88304252795
-8.05221361256
-7.88775295326
-8.24586750116
-7.45860013062
-5.59372949294
-5.6542153942
-9.40654792214
-9.3275588919
-8.79293728666
-9.52122787995
-9.16762605198
-6.49043425517
-9.16774123036
-8.98772964761
-8.53341149053
-8.84864711425
-9.14335991321
-9.11849094787
-9.00974625996
-8.54955687468
-8.65984082332
-8.77164249299
-8.87255175822
-8.98079192058
-9.43213027066
-8.66244189404
-8.64202155949
-8.69361493891
-11.8422095752
-8.46951372041
-8.40509985587
-8.4471828884
-8.5010535572
-8.53145003932
-8.57091004034
-8.11342159325
-8.12099606247
-8.16840601999
-8.21072271636
-8.36774514054
-8.40484216874
-8.43234659081
-8.46732251655
-8.01714543779
-8.0322061437
-8.05201318005
-8.06567814639
-8.09526496839
-8.10761016951
-8.14570940364
-8.16397224636
-8.17303090981
-8.20238846454
-8.21877512967
-7.69769256897
-7.7434366987
-7.77117035638
-7.78573491401
-7.94148764972
-7.95934847861
-7.96000377126
-8.18173317049
-8.22420256534
-8.22111692603
-8.2553379235
-7.78850152571
-7.78594519333
-7.80655504465
-7.81672330095
-7.82475394868
-7.83435698507
-7.84934617933
-7.85950718143
-7.87848666041
-7.88384277808
-7.89430249395
-7.9396150746
-7.94696974754
-7.9523732406
-7.48835869192
-7.46955069874
-7.47783062352
-7.48424419211
-7.49385423724
-7.49862792916
-7.51661753468
-7.52521691814
-7.51129339967
-7.52393849851
-7.53484820381
-7.54329460909
