-11.9862129306
1.49875616846
-2.15037897017
0.256946198681
-0.832182751639
1.13008159798
1.17432552304
0.434701519725
0.8113876846
-0.582201011676
0.834862322009
0.387940361956
0.637260634182
0.912488574025
1.36904475265
0.582506858426
0.978359483308
0.469738267642
2.82852476327
2.45182311864
0.587401471652
1.2306173681
1.81987446683
3.41060316
1.9796807567
3.20934976217
3.09203520088
2.21245142838
2.30286689531
2.43570224216
2.73601240653
0.429417751178
1.68399771451
0.84097210899
-0.96274881214
2.46207723974
2.21002727171
1.78395086514
1.12446765866
2.52887592406
0.715106701004
0.825314132518
-0.420063328722
1.65660704909
-1.86586134983
2.55319648268
0.18089392779
0.466746208446
0.41426304548
1.03973791933
-1.3414089521
0.568153618791
-1.26624169368
0.237054415582
0.252004447118
0.241075404458
0.167000046476
0.178545637216
0.159900080717
0.132648387018
0.0875610877715
0.0434279752444
0.034291133817
-0.0151512548719
-0.0526276215146
0.227655282526
-0.111170259188
-0.154054652171
-0.151538316532
-0.159548364791
-0.203497104405
-0.222456136735
-0.221068834433
-0.270558420131
-0.424219728202
-0.869977898985
-1.3877696348
-1.21768930996
-1.43190794358
-2.02419062207
-2.25361496943
-3.28588401542
-3.76963687411
-4.11229890791
-4.40593221437
-4.22857428912
-4.1195318218
-4.92178756379
-4.58544466643
-5.14461075053
-5.47902233653
-4.16701414297
-5.84591045561
-5.71265175602
-4.62058509122
-6.1743364735
-5.89197522378
-5.99546344076
-6.606448819
-6.12201020975
-6.76328398964
-4.56509955535
-5.48122782593
-7.17705250769
-6.61709762928
-7.02016168485
-7.09994065631
-6.70871201688
-5.66684458217
-6.58653655077
-7.57274080143
-7.01701209713
-6.36402333676
-7.54642480281
-8.87370744565
-7.31577130483
-7.43260007832
-6.63289557115
-7.80038489115
-4.33586301972
-6.90754117677
-7.93765046258
-7.84013734086
-7.91347667911
-6.62715225617
-7.97890972711
-8.42624609637
-8.07598338346
-8.1285897011
-8.13642257077
-7.49718745694
-8.00672738241
-6.2598660471
-8.31163966709
-5.96296437141
-7.42091949643
-8.3107436961
-8.63737764874
-8.29727173431
-7.79252588547
-6.09852132532
-8.69179982213
-8.10998964654
-8.38356919459
-8.26171727309
-8.0136275175
-6.14384805364
-9.06297785046
-6.96807586461
-8.08796743406
-7.93884616692
-6.94337055973
-7.85995215167
-7.53190683579
-6.15387940639
-8.20281433013
-8.55517114762
-8.04912488019
-8.43678343142
-7.47294920117
-8.00419137972
-8.01436263047
-8.08426479432
-8.20073456001
-8.89778602111
-7.08890173895
-7.51087451711
-7.74647128449
-7.96392362145
-7.87314187449
-7.8683698027
-7.66133261612
-7.66846797412
-7.35313910518
-7.3454844776
-7.37182855019
-7.35588409004
-7.33406010262
-7.32596714967
-7.34058197376
-7.34504678515
-7.3396402635
-7.3570279164
-7.33894530777
-7.34714906217
-7.35144774391
-7.3574356805
-7.34717287763
-7.35140575634
-7.35816049936
-7.35330452757
-7.36622472715
-7.36276733892
-7.37080846037
-7.36347259276
-7.37363827686
-7.37967936654
-7.37806610046
-7.38648331153
-7.38804881478
-7.38207263752
-9.14712969746
-7.048911367
-8.45561869726
-4.49329829411
-4.78230496694
-4.47307247165
-4.36923971113
-3.65014162337
-6.70540365349
-4.37216011611
-4.53681331915
-4.78104850339
-4.55807661153
-5.04664594914
-3.84755316823
-5.31439356971
-3.0206652274
-2.39267530263
-4.55199244277
-5.25806389215
-5.0523246482
-6.52491339737
-4.61370547697
-5.07681770658
-1.87318656965
-3.55890550781
-3.49916102446
-3.26670931699
-5.06836812611
-3.06661360321
-2.98497949373
-3.25027058748
-2.97728506937
-2.67907749834
-2.65551837406
-2.84438779748
-2.71956241842
-2.38238608976
-2.36804649049
-2.33276928214
-2.4206816586
-1.62737469415
-1.90217699551
-1.89929139162
-1.87718629399
-1.82535271928
-4.63399922474
-3.50263862441
-6.57871287531
-4.54183205474
-7.05878200834
-6.88682068972
-4.46115579981
-6.54435819779
-5.82397861502
-5.29446612756
-7.16300940902
-5.739928979
-6.61827702156
-7.03022828296
-7.92849823538
-5.96171022525
-4.92233392689
-7.4418550774
-7.56245629698
-8.4246827168
-8.8304412078
-7.35884419
-8.56267608334
-7.91928290019
-7.88133086636
-7.67581137914
-7.48456368569
-7.26782897895
-6.98390463802
-7.03721340476
-7.03233325291
-7.0573418959
-6.75304354443
-6.75653064045
-6.47021544515
-6.44664542323
-8.95817224745
-8.73299726054
-8.35401987891
-9.41492768886
-10.7630817398
-8.91062371522
-10.7134268418
-10.0452301083
-11.3273278798
-13.3238252422
-12.4620555375
-14.9753865188
-13.4144441365
-15.1573881514
-16.4433026555
-15.5927637771
-15.4163615128
-15.4956938119
-15.0461207451
-15.1165817684
-15.2468284531
-15.2819967731
-14.7791256387
-14.82050109
-15.0023851136
-14.4086476088
-14.4121602872
-14.4748683266
-14.5031173072
-14.5369718651
-14.661603192
-14.6037844552
-14.9888481409
-15.8080776268
-18.969559758
-16.7405041253
-17.283509792
-16.7320788982
-19.3756520329
-19.8430005176
-15.9040391284
-18.679706875
-20.6018610437
-20.9984278045
-17.5155415796
-19.4565662178
-21.917526951
-22.5224810206
-19.4713745938
-21.0772529826
-21.3963949346
-21.2601743351
-18.4928401402
-21.5108026867
-21.350671209
-20.9271810247
-20.8394167028
-20.7290714129
-20.8690241845
-20.4602854546
-20.3875355675
-20.5083394458
-20.1141948086
-20.0909403067
-20.2567617947
-20.3716874388
-19.8595419752
-19.9748051828
-19.8403340621
-19.9200480085
-20.0544269615
-19.8913086294
-19.6350449955
-19.7583053437
-19.3544860967
-19.3897640366
-19.3917861359
-19.3966959501
-19.4412388224
-19.2670233422
-19.3140034371
-19.1493870762
-18.9923260423
-18.9780477941
-18.973920301
-18.9743981401
-18.6970233528
-18.6636719596
-18.4605938991
-18.4696299608
-18.4512914882
-18.4367493133
-18.1811720174
-18.1527254002
-18.1287502141
-17.9132926679
-17.9084957525
-17.8718857185
-17.5947882095
-17.5771643028
-17.3768139991
-17.3691648262
-17.3476903099
-17.3514691091
-17.3313386921
-17.3152346724
-17.0967054707
-17.0896355952
-17.073818019
-17.0712387274
-17.0610236256
-16.7723094838
-16.73903318
-16.7157367804
-16.7289108135
-16.6800698293
-16.4764795925
-16.437810743
-16.4313693617
-16.4024738382
-16.4035273564
-16.3853883294
-16.3733722576
-16.3383772696
-16.3608552596
-16.3335950047
-16.312830201
-16.3205478819
-16.2863076632
-16.2830308333
-16.0214178269
-15.7995014884
-15.777805809
-15.7427175315
-15.7262475031
-15.7177572786
-15.6978547796
-15.6923627708
-15.6785529842
-15.6713274687
-15.1817743815
-15.1778807272
-15.1932975699
-15.2255093155
-15.1760425587
-15.2026667222
-15.1723931457
-15.1956371296
-15.1218673724
-15.2365087456
-15.2106947778
-15.1725158989
-14.8926255362
-14.8694838599
-14.8330242291
-14.8449671111
-14.8158250047
-14.5609008884
-14.5031685517
-14.4455017803
-14.4134941489
-14.3817714564
-14.3451315267
-14.2959838269
-14.3000965117
-14.2358229692
-14.0249064768
-13.9800599598
-13.9589390325
-13.9045460116
-13.8875391427
-13.8330043971
-13.8144699705
-13.7834593129
-13.7579186664
-13.7279204899
-13.6860151648
-13.6822086177
-13.6637614822
-13.6386190848
-13.5858758761
-13.543233212
-13.3063300963
-13.7142783502
-13.2704696908
-13.1942809301
-13.1751910848
-13.1425055807
-13.1676153597
-13.1350792602
-13.0932300093
-13.067389116
-12.9881405524
-13.0534893495
-13.0533055227
-12.8245976802
-14.8027155292
-13.1352399388
-13.1085223451
-13.036731874
-13.0554169296
-13.5239469486
-13.0896125457
-13.0609727071
-13.0052496427
-12.9937397018
-12.8002958497
-12.7614780777
-12.7430040127
-12.7026388079
-12.6769196109
-12.6845462582
-12.6601090881
-12.6043623866
-12.598249095
-12.3749206122
-12.3539300222
-12.3300327214
-12.3279434074
-12.3070834839
-12.2779273413
-12.2981178355
-12.2760649646
