-1.18291153968
-4.72485127897
-5.00193060652
-5.10790954791
-4.52715521422
-4.85914312454
-4.50079023719
-5.26648386784
-5.07795917794
-4.98081810808
-5.34873874009
-5.2743499619
-5.38692739085
-5.27743707409
-5.20376766579
-5.88243318327
-4.67185111391
-4.57572187519
-4.57817053866
-4.58858140425
-4.8178362193
-3.77759230712
-5.47462223174
-5.8444740419
-4.96422239503
-5.65175218203
-5.49136438908
-5.627665491
-5.51424559247
-5.54527071809
-5.58027868431
-5.30688015189
-5.31434552329
-5.3036669516
-5.35165111939
-5.20968402881
-5.21306303129
-5.23804974037
-5.22933840559
-5.06245532151
-5.05600499132
-5.07310794169
-5.07972328559
-5.06912808191
-6.66971450283
-6.06999633923
-5.07181928038
-4.91664051724
-5.87997922535
-5.48295842413
-5.71457150014
-5.83399805191
-5.61735077826
-6.51531282097
-5.9663946668
-6.79989762127
-7.58758501636
-7.55058750249
-8.26367684103
-8.06835298927
-7.76299951458
-8.83073115748
-8.7088795212
-8.67924412518
-8.48951496688
-8.47252242655
-8.31283084453
-8.12470997801
-8.09161329782
-8.0894886374
-7.87888067792
-7.84621216664
-7.64853632932
-7.57429220454
-7.5614640941
-7.34848228061
-7.12457386952
-8.99958368254
-9.5899268548
-10.4906588962
-10.970389578
-11.0753829577
-10.1236784372
-11.6932405122
-12.0018700676
-12.3674151233
-13.404868419
-13.2547869157
-13.768702674
-13.6577233329
-13.9747543765
-14.0176112595
-14.7531535831
-15.0315055569
-13.8592705375
-14.7676204427
-14.6484591913
-14.3564953227
-14.4913275636
-14.366443679
-14.2855541867
-14.2312015242
-14.17605256
-14.0938914052
-14.0213192954
-13.9180524739
-13.8418942959
-13.8058908254
-13.7925133041
-13.7154670839
-13.5481929832
-13.4657489109
-13.3988910977
-13.3043155342
-13.2286956926
-13.1037535019
-12.9865718297
-12.9210727449
-12.8138708768
-12.7572128541
-12.7166176509
-12.6437197663
-12.5154019142
-12.4581259754
-12.3827637996
-12.3115939946
-12.1967759261
-12.1180758199
-12.068548326
-11.9850307246
-11.8978920982
-11.7980628618
-11.6894301934
-11.5693488771
-11.4917964442
-11.3879784537
-11.3580571021
-11.2468040844
-11.1020869424
-11.0398658273
-10.9523653177
-10.8750989118
-10.7430704828
-10.5865944533
-10.4701993046
-10.4787017538
-10.4211822671
-10.3442419064
-10.2648934015
-10.1822288506
-10.0716695687
-10.0193386954
-9.95264264744
-9.85242089952
-9.78625196991
-9.73666265214
-9.66202333263
-9.58957045346
-9.47782142253
-9.40572324366
-9.30418132699
-9.18131168568
-9.08980249342
-9.00816700919
-8.95068194978
-8.82868814577
-8.73421175876
-8.72263993037
-8.65733100277
-8.58558312451
-8.5175534288
-8.45841575615
-8.36529527048
-8.29384007953
-8.23389520957
-8.20325998719
-8.20555103095
-8.13373069038
-8.12288664636
-8.10273527963
-8.11203823132
-8.08275498319
-8.07919092398
-8.06416530528
-8.04663999554
-8.04620914532
-8.0270029616
-8.00750229093
-8.01210730577
-7.98580825651
-7.96425858186
-7.95733585437
-7.94160750023
-7.91925486717
-7.8996943667
-7.96164922764
-7.94935049441
-7.94966978807
-7.92983173544
-7.92294122605
-7.91033321544
-7.89776338264
-7.89043209753
-7.87367698837
-7.85668801324
-7.83649107287
-7.81620689619
-7.80244518803
-7.85311139935
-7.84864063026
-7.84444680662
-7.81943560074
-7.80349763467
-7.77902977043
-7.75968680284
-7.75628353845
-7.74726912711
-7.72980977015
-7.73922123397
-7.74155329293
-7.70128792801
-7.71010379162
-7.6397631821
-7.67652704859
-7.66286075232
-7.65795502977
-7.64260901101
-7.66092257008
-7.6308672407
-7.62072229729
-7.62089272383
-7.67333209223
-7.65807470356
-7.65244745666
-7.64773864506
-7.62298842149
-7.62587674569
-7.62056174389
-7.5932997013
-7.59268157754
-7.58820667595
-7.55292073129
-7.55337134906
-7.54011550173
-7.57744764509
-7.53344216634
-7.50615207913
-7.49139068704
-7.55463709893
-7.54485955311
-7.54614787395
-7.52684272564
-7.52621240447
-7.52183107345
-7.48826788772
-7.47296088152
-7.48330859131
-7.45098616706
-7.4399397165
-7.45950566551
-7.43766135911
-7.43877089337
-7.45336180036
-7.42094896723
-7.44586488479
-7.44947112583
-7.44714779604
-7.45219272619
-7.4271458445
-7.43484743249
-7.40154790041
-7.3927696573
-7.39692785534
-7.37748702897
-7.3602682494
-7.34647878471
-7.34308274731
-7.3427526354
-7.34902013183
-7.3175538638
-7.3221754097
-7.31521807926
-7.34995250017
-7.35951911995
-7.33226332027
-7.32205113104
-7.32642194802
-7.30102293449
-7.28834528332
-7.29258178575
-7.27354436242
-7.27536600493
-7.27787333463
-7.26999070552
-7.23916600122
-7.2936891227
-7.29437816457
-7.29090987973
-7.2834144994
-7.2698768046
-7.27100498972
-7.26355154545
-7.23327549908
-7.25318512588
-7.24652372613
-7.23681104194
-7.23088474954
-7.22972741239
-7.22091929107
-7.23082059665
-7.19528943158
-7.2095240346
-7.19190928783
-7.16972965001
-7.15816469281
-7.17067376513
-7.15842681138
-7.15817063604
-7.15772252221
-7.13710948616
-7.18950160107
-7.19483994097
-7.18791571716
-7.17176314384
-7.17982071429
-7.18098717921
-7.16172159746
-7.15359589376
-7.14812746218
-7.15888077574
-7.1479558176
-7.1219448325
-7.10828047719
-7.1133588009
-7.09982979834
-7.08377813548
-7.0831639254
-7.08614937675
-7.06732292641
-7.1074139989
-7.09365801831
-7.09434881151
-7.08388210554
-7.07487467602
-7.06873639958
-7.07551715523
-7.06783893693
-7.04717374668
-7.04529416284
-7.03737401568
-7.0291837723
-7.03196366847
-7.02169998414
-7.05519928783
-6.70668085106
-6.69695553638
-6.53227951869
-6.02770655767
-5.97268815753
-5.8039862342
-6.02263209047
-5.78645940765
-6.17078186115
-6.06262840984
-5.81124253552
-6.24723956341
-6.24440689308
-4.48091013752
-4.85497628668
-3.68141667532
-3.71249719316
-2.87177083051
-2.6785254006
-2.86328903047
-3.31208718871
-3.06716009067
-2.42809197504
-2.48858500486
-2.19914286151
-2.02176156221
-2.17178960399
-2.46961348491
-2.44672830263
-2.45841474334
-2.38049986651
-2.39457076541
-2.37220084839
-2.3472812488
-2.34297713617
-2.32472889954
-2.31184570147
-2.30258142248
-2.29002952424
-2.46160719716
-2.43996319047
-2.43667450999
-2.43121278241
-2.42956526137
-2.41957637676
-2.41356487971
-2.4276240975
-2.43033208368
-1.71942181366
-2.58939143396
-2.76536040221
-1.54795506839
-3.38320285889
-3.71626578252
-3.10761280903
-4.13950689039
-3.00979197
-2.82300867852
-3.30921110842
-2.4869840338
-1.85364383848
-2.06633623555
-3.64774962408
-4.16166761479
-4.55630627453
-4.07215372726
-2.51518828389
-3.5746038515
-4.60125509091
-4.4086508979
-3.91638575236
-4.07647762924
-2.52041282434
-2.74035815474
-2.8823888109
-2.70558559129
-2.71852862053
-2.72937138395
-2.7641190154
-2.47941023448
-2.5155938737
-2.46707060964
-2.38418890802
-2.32023763061
-2.22038606177
-2.36203687615
-2.31171021824
-2.18100749959
-2.24568774636
-2.27281017062
-2.24905321572
-2.22626923674
-2.21037051226
-2.23206199571
-2.20722202573
-2.14831106614
-2.27294714974
-2.25077737463
-2.19623599802
-2.16542298118
-2.81911490067
-2.74035025569
-4.44420396827
-2.7514953278
-1.80409551
-1.99590603467
-1.72873253379
-1.50730574703
-2.15422236795
-3.93594209969
-1.61567388981
-0.875629301122
-1.79658905185
-2.73778370074
-1.77116379903
-0.0846762409519
-2.52369400174
-2.28353074386
-1.27178332356
-2.12592066926
-1.69979241938
-2.36743172852
-1.506845479
-2.41602248985
-2.25922031034
-1.8265995439
-2.38807790864
-1.93389099407
-2.0858178242
-1.44186838264
-1.75487775665
-1.76053735008
-1.99473239019
-1.50147449998
-1.80762208504
-2.04295447821
-1.86277775941
-1.82755652151
-1.75305714213
-2.14416741428
-1.75686847706
-1.6746114449
-1.62585093231
-1.70595620739
-1.63614867688
-1.59544477961
-1.56810560533
-1.4319018604
-1.66272357272
-1.64033608524
-1.61235855788
-2.09193025424
-1.475607771
-1.36746186805
-1.64812695548
-1.28413011646
-0.181428331042
-1.06184251831
-2.42310726012
-1.02275946498
0.0562519551576
-1.21188188993
-1.87214263603
-2.05600129612
-2.06919554188
-1.07697064454
-2.81860172415
-1.05895070183
-1.75700812783
-1.43324403268
-0.629711772418
-0.692811379346
-0.799756569949
-1.85039342529
-2.1256595324
-2.83400426023
-0.919806785272
-1.58699120994
-1.61179419659
-1.41130674433
-1.43988681005
-1.91935010905
-1.53459049459
-1.44905306982
-1.26771237494
-1.39429665873
-1.21221797964
-1.29989088493
-1.41406487356
-1.1368420629
-1.07635785923
-1.00632349839
-1.12189894814
-1.22684308382
-1.13101334982
-1.15636346818
-1.13723965351
-1.32769394998
-0.537661583292
-1.06179618261
-1.30114509548
-1.11734329848
0.0945791587125
-2.36034605186
-1.23196947854
-0.682807062351
-0.81163083075
-1.15544795194
-1.2953616503
-1.41270386803
-1.7975051436
-1.06354480849
-1.69075604155
-1.5087713564
-1.48535792309
-1.61391372029
0.380019368682
1.06450696104
0.39639192878
1.09407848812
-0.281962456366
0.915328857519
0.43004157737
0.105326256233
0.598674922535
0.222152687217
-0.0764528135731
-0.125079447457
-0.208737820489
-0.338264293427
-0.469805575833
-0.581830149292
-0.708119429238
-0.821518441088
-0.957673592343
-1.27305246767
-1.25149815452
-1.43893101692
-1.52730588142
-1.57517575557
-1.54623088901
-1.95613308864
-1.87980311819
-1.90689373171
-1.98589122522
-2.21986066156
-2.27412166077
-0.889315504777
0.170512999652
0.271391115848
1.63968133146
2.1412302321
0.856765632016
1.69891749667
1.90725195667
2.65919955437
3.20554819013
2.36427650997
2.57050448941
2.39236892929
5.09622341508
2.21352692873
2.93796955865
2.80704783796
2.13267446807
3.96148753012
4.32314166849
4.02999667629
3.7731559309
3.35596321115
3.5887846548
3.04093377543
3.88860029982
3.7556029428
3.59054146791
3.58348074324
3.70112975058
3.78173118882
3.70045968542
3.58100498503
3.60112687722
3.76914331599
3.82372294915
3.64444754014
3.69983065092
3.7532108023
3.61023516606
3.64644994241
3.67283048822
3.54647804323
3.55049534934
3.404602374
3.55904503191
3.59530868778
3.63383156565
3.50037841939
3.33080214997
3.36192790088
3.37800496126
3.3965253731
3.22902812458
3.23596760311
3.24826276343
3.06477364454
3.07075655837
3.0767273808
3.07688768103
3.09191788227
3.08847308491
3.09782649863
2.91254936655
2.92162647054
2.91749434968
2.91870706613
2.91114326966
2.92280324477
2.91538452852
2.91650992499
2.73143347511
2.7345005905
2.71975397227
2.72455896826
2.72169083107
2.70859702645
2.69944569349
2.70998832697
2.70722586234
2.52076738456
2.51405498119
2.49370586903
2.48677064526
2.46894328882
2.46621953812
2.45546691128
2.42770781304
2.26032813979
2.21966336072
2.21614058969
2.20983658638
2.20365067209
2.18146972404
2.16919079268
2.16340381975
2.14326893705
2.13069408417
2.11415620882
1.9723125219
1.96340201563
1.9359168103
1.92743464761
1.91485700434
1.89641989452
1.87419924501
1.91864021311
1.91066308258
1.90196456747
1.88994136574
1.89230733006
1.86937660084
1.85608274663
1.85275677216
1.8210001715
1.68561017416
1.67346681954
1.64670246443
2.40601468324
0.85217032189
1.29787316716
1.58554628081
0.634062802449
1.51180964911
1.2270033
0.582419582176
1.81605860487
1.34145133181
1.17385349859
1.13980439411
1.12403134997
1.08925345448
1.06552480045
1.11213118457
1.08954822002
1.07212978228
1.05524314769
1.03147710857
1.0047954754
0.980423028004
0.954221450335
0.958749934602
0.938476282865
0.901860086728
0.881841807287
0.856865038458
0.894584466454
0.869541088471
0.846332626983
0.823682464304
0.824362162778
0.818604901386
0.840705127342
0.832616097084
0.805464657107
0.792346077388
0.790505909582
0.780561137098
0.771967779382
0.748650371746
0.724769687165
0.721725739976
0.755031905607
0.741238049674
0.724261528072
0.715936172667
0.710200677176
0.680051549412
0.755199829342
0.721685708036
0.712038204735
0.704695913287
0.682955139091
0.676867727098
0.667224897198
0.662273863398
0.684981734222
0.509236973771
0.498463153671
0.485660172787
0.45240876399
0.436557769202
0.441090706695
0.416415692493
0.385466523768
0.389009414364
0.382887445312
0.368347947814
0.361794976979
0.348750063537
0.349305968534
0.312341679481
0.312863721755
0.30125765256
0.275647181027
0.261009336153
0.237430710006
0.254197750916
0.219537092037
1.05201698887
0.428403799534
0.396586619648
0.375815808999
0.382107458814
0.377391369716
0.372918329636
0.402030524706
0.227256458497
0.193978602552
0.202717769517
0.19450771958
0.190448188592
0.171474517831
0.158058668005
0.165961290363
0.155536749249
0.142439647873
0.130956125228
0.122047207854
0.0961467565302
0.106476146345
0.0942567246699
0.0803759838167
0.105753956636
0.099651993007
0.10874812905
0.0851413291949
0.0745971227655
0.0869024689596
0.0535044512704
0.0248399213206
0.77181643596
0.0349937767319
-0.083196391679
0.511868060244
-0.800298486667
-0.182937109919
0.0464183135277
0.423184462022
0.936103107625
0.197794443717
0.0413788556347
0.205058304838
-1.56832581478
0.677005399579
0.74345953159
1.09274192747
0.858015601358
-0.159591751895
-0.296564955036
-0.145564849073
-1.2234152572
0.0770092866478
2.09005344496
1.72090694264
2.14324446124
2.08218758094
1.68913564997
2.40710808921
1.95967312688
1.87333621624
1.93863503473
1.60482217737
2.35118699766
1.17843797316
0.645793521355
1.5650013679
1.40872069366
1.41422040796
1.26284972814
1.1694152214
1.46276172996
1.25204188687
1.4082375999
-0.0113933568864
0.866327466214
0.935284161572
1.06057948574
1.52841124212
1.24802394802
1.35351403523
1.69912051359
0.962028778634
1.27123566736
1.47383511598
1.28908581947
1.43194608007
0.0584238321333
1.53847414515
1.30299664807
0.605152553236
0.853037024561
1.26847244603
0.911518772884
1.31560108152
-0.00235725265175
0.883470417777
0.617245250616
0.845263237096
0.772721707331
0.09862102103
1.49521845283
1.38237242127
1.3567044274
1.10543000364
1.12872642588
0.955053737584
0.771476144
1.14533018465
1.25124587053
-0.407041708347
-2.11329482346
0.493472637614
0.680176729026
0.537275904023
0.750899521776
-0.0234055522004
1.0685335917
1.13461290802
1.27184085059
1.49192333123
1.32466221992
1.43371712236
1.38664910834
1.48034919942
1.53934102904
1.52711617524
1.6468336877
1.75810573889
1.70330397212
1.64094125302
1.78371757946
1.75387397808
1.74685235079
1.85331730048
1.7560449633
1.83420177564
1.81821019039
1.8126761059
1.92247348126
1.86674570265
1.8219174634
1.77039875462
2.89163957257
2.36032292426
2.89062148011
2.043261646
0.487206075643
2.51550400401
0.889918170807
-0.519478604303
-0.0398621348679
1.43742195813
1.51757767941
1.7932750671
2.23765871874
0.527743348793
1.13737822056
0.264694246955
-0.623738229361
1.9874170547
1.47213108682
2.6794461023
0.250595136487
0.0688553763256
-0.0958373759402
1.80065081323
1.76263569263
1.71446500222
1.63457011757
1.72899042542
1.85755553063
1.98193920589
1.87937915219
1.92582351404
2.02528231591
2.11233692973
2.16913571939
2.27405930766
2.36027394561
2.30020446603
2.32254737048
2.4055366531
2.79933196122
2.48793798996
2.4983168983
1.59516017663
1.86844615782
3.15085019033
2.98830422501
3.5644946436
3.15057771726
1.12699654415
3.6120934751
2.81131090466
2.46816167366
2.7597895061
3.91498245721
1.59412882663
2.92065533059
2.42043572363
3.37425827771
2.62838885775
1.26919845385
1.54278709198
2.13340837593
2.9734472263
2.87592322331
2.37912687684
2.83774338542
2.99463958073
3.00782714357
3.04680677024
3.08625781468
3.14753535082
2.98232090953
3.02837952918
3.0493413453
3.10028976558
3.1223896385
3.19500379287
3.02014102825
3.03292684415
3.0715758176
3.10106918398
3.31284838
2.71789623128
3.08838999817
3.32036214013
4.49224068434
3.85726906991
3.90795273481
3.01636678061
3.02792145879
3.10952666791
3.10396312743
2.66728496332
3.01657108295
3.20828604039
2.70598986312
2.49337758165
2.22520270536
3.07535640632
1.72558560682
2.52615949922
3.30415217868
3.56986794221
2.46650970042
3.4735270332
3.23952589417
3.27894127717
3.16639321519
3.2239251807
3.29346807454
3.36651483368
3.09380301497
3.14490711353
3.20966331369
3.24956244506
3.24689228763
3.27456886864
3.32306196702
3.35562713809
3.22463710515
3.3219088269
3.18925133003
3.1922828715
4.91638241102
4.01266763552
3.59757459059
3.30076892419
2.87852029481
2.51530750729
1.18096841045
3.69608065518
3.39610982931
2.94701075354
2.89440053051
1.94944004151
2.27604560459
3.5315413156
0.810564384637
0.861719351808
2.46782114259
2.90183530519
2.16376786614
3.29401860664
3.1325115506
3.18823335825
3.07578032775
3.12482965974
3.17446691093
3.21887576189
3.23491989295
3.26946524258
3.312281221
3.35922304677
3.22891805296
3.304089601
3.33387781239
3.35299217003
3.39242780336
3.41913486143
3.25599607983
3.43496980471
2.85530860169
3.38248052311
3.42854054969
3.31815997196
2.38262796556
1.98459434132
3.40204325022
2.47470245653
3.55528501224
3.38541915835
3.1075955822
2.53492015345
1.33894228437
3.35500190152
2.07253819546
1.49358165394
3.0877821123
2.27067411119
2.14143184415
3.18398610082
2.38600023832
2.21569044445
2.26292077464
2.28338070189
2.31251300403
2.3421277764
2.18606312662
2.1925969547
2.20655724451
2.05900822116
2.09467075309
2.09558236333
2.09492258037
2.10488746347
2.10845500974
2.10511438494
2.10910618575
2.10027075967
2.61653902919
2.6012642115
2.35244642793
2.56610840074
2.34678141436
3.41952809064
2.08554738369
3.29047266088
4.10575838771
2.74442371303
2.32469885314
2.07148105733
3.1860289144
0.878665342423
0.746880184554
2.99736047278
2.65471644533
2.30489734543
2.16873872707
3.27048496637
2.63875435173
2.64745344429
2.64480701059
2.22107687572
2.49952687477
2.66227410714
2.72348500545
2.79743195175
2.32910698497
2.47886167516
2.91337596072
2.57329564923
2.42380451158
2.66454274419
3.63270977183
2.26866371367
2.6069061808
2.8068928251
2.45689618497
1.48922430571
2.61866023478
3.59202330476
2.36954103566
2.48839388296
1.35633546266
2.99082890164
3.42621581998
1.42748127186
2.47334484198
4.18786134835
2.90166036884
3.77394706704
2.32995341669
2.46820483192
2.0361542178
1.80601585731
2.53514606471
1.39724264777
2.8399441062
2.60597060901
2.00708146241
0.876679558598
1.956534415
2.48159877247
2.3203124694
2.28871970143
2.84407468497
2.23763666007
2.40600680461
2.6337775906
2.53632533853
2.59675149356
2.53285662267
2.58338927301
2.45296332748
2.47188843623
2.52057736179
2.55667496337
2.56298411682
2.59218902134
2.60758106967
2.61799551609
2.65900705785
2.53448863084
2.5398744295
2.79010327762
2.30030992273
1.95091340525
4.37105572687
3.27805390442
3.62752000208
2.72547126867
0.878656533407
2.19758776962
2.10117561897
2.45338015526
3.88853303517
1.91071275455
0.689219539755
2.09204819786
0.960968787924
2.28784531479
3.31801935708
2.17697020056
2.16690946407
2.29432213665
2.17433158811
2.37621589931
2.27493262826
1.54442962039
2.23446223302
2.27448153439
2.32570904256
2.20535949754
2.20631292889
2.22824110795
2.25357211221
2.26206797097
2.26462432909
2.27344046426
2.28234565435
2.29937501184
2.30684995813
2.05632951229
2.41919908013
2.47655576816
1.11653875255
2.71733256746
3.70689290299
3.03442846064
2.96231831399
2.05005148406
1.70043644133
0.745825506432
2.03646522164
2.69787497528
2.64913944949
2.02973097799
2.00724531031
2.28647958583
2.38813186217
2.77639384112
2.44219759426
2.4305746514
2.77759328737
1.62841075392
2.76674620844
2.66970605532
2.50997556096
3.65266317504
2.42629278464
1.58674118733
2.72608575389
2.10525613455
2.42844318298
2.22900119644
3.01763283258
4.21946184483
3.29888280275
2.31576522679
1.17515348137
2.13675642732
2.1752134586
2.1870055447
2.81643962455
3.3347171823
1.99194906205
3.00461302457
3.09751885285
3.26039840143
3.45125848507
4.06099988703
3.73803450604
4.24174562545
1.97607035607
2.09003793473
2.03704189102
2.38745438299
3.35318439631
1.91662423256
1.59151645534
1.73930075428
2.66087660207
2.78973232879
1.44070330959
2.26374473126
1.63319316871
2.6435805329
2.73439554704
2.74594253446
2.77377764771
2.80244797381
2.83659168444
2.70561881671
2.7363398204
2.76680750613
2.7910956046
2.80505379963
2.81406130824
2.82619567596
2.87207022927
2.87185016675
2.14496569534
3.01407047734
2.87589760353
1.4761357454
1.23423025318
1.85840366608
2.88257469261
1.90521631489
2.57623657686
2.13801789373
2.3950875865
2.7324006278
2.18329358211
2.23321385987
1.7958245585
3.15252521609
2.9003954999
3.18406264479
3.07647782472
2.6531966695
1.95270646732
2.64196728587
1.78370725296
1.55484318652
2.29980548797
2.18800764311
2.20368972596
2.22316285615
2.21651521141
2.2277961813
2.25529174691
2.26738082485
2.2875443766
2.28089422501
2.30278536164
2.1640467835
2.17141601452
2.17579449014
2.18677455738
2.19159657091
2.18195433063
2.19833782066
2.19594209391
2.20088115132
2.09783876136
2.09281005075
2.32469168211
1.77173311701
1.88684669834
2.67204028392
1.74223585931
2.47840507897
1.640151276
2.70322289577
2.06778795456
2.02050937584
2.78927084695
2.86125908103
2.80485646187
2.17903027563
3.34653828332
2.85640441159
2.75341392492
2.77670574136
3.61707363432
2.64214414442
2.09476191689
2.26459548095
3.13780009252
2.2333773266
3.27014965977
2.24392846973
2.43739849998
2.46793146244
2.48527663947
2.50815770937
2.4319845162
2.44644387655
2.4620067162
2.4682281303
2.48413976824
2.3434425636
2.35366247635
2.35808306455
2.37108448669
2.37183694012
2.37852800185
2.37541787791
2.17447560946
2.27329314772
2.4312845028
2.4501159561
2.45146098408
2.39337964841
2.24441792501
2.4883732501
2.62454799572
2.57695419639
2.90004351788
3.59716023443
2.5340257778
4.30973687742
3.07630892202
2.41686788621
2.43140393702
1.72402061796
2.67207486442
3.74001333465
2.39869045148
2.69197931271
2.44160516816
2.47009175969
2.44097255756
2.27129937474
2.41001357937
2.53935014245
2.57449356818
1.53729352794
2.37494146893
2.42179516074
2.43192795123
2.32623792306
2.34797527955
2.38641837403
2.37871663397
2.36142158441
2.39156607537
2.12483931106
2.08607824324
2.08170354009
2.07590647312
2.07080394913
2.05356673724
2.21114010617
2.02322925046
2.148654822
2.21402246217
2.13096748425
2.37474681459
2.32873860433
1.16961818716
1.26168288141
2.49211353943
2.61068454916
2.29424589608
2.24336542963
2.93923094036
1.56976436456
1.99568466307
2.04086792108
1.79269293561
1.64517970281
1.70747001463
1.55560440952
1.8818225169
1.65090602211
1.6428887903
1.61456013104
1.61766845822
1.63129065307
1.65899008875
1.50346596138
1.3221790666
1.28607401582
1.87180243186
1.19248068139
1.14533201039
1.09357318502
1.09335121341
1.07558313793
1.04136949561
0.93351247096
0.88340649442
0.855848338331
0.839010806079
0.814850761275
0.990521396243
0.97531594547
0.845556750362
0.807956115804
0.766328628159
0.732601871082
0.719587593222
0.703220464143
0.682467649037
0.64229092558
0.623349783177
0.582366806383
0.483964974145
0.455875388512
0.413145433936
0.369430174193
0.5437091215
0.526953988248
0.508870654417
0.513900475529
0.324278925118
0.293759320195
0.272908904477
0.253638458705
0.137930820592
0.112654986815
0.0476546699682
0.0234642965899
0.00515784595296
-0.0163180014451
-0.0395797135834
-0.0728625318068
-0.101545065732
-0.112436494921
-0.121298542215
-0.163821308443
-0.187836357528
-0.209689272832
-0.242707772153
-0.258844948754
-0.378458134851
-0.407302871055
-0.436539853396
-0.502838271719
-0.521713871552
-0.540655492598
-0.567032351159
-0.587838985157
-0.622776155819
-0.641844204758
-0.614699843743
-0.670342575095
